8.44818	0.251553	0	0	8.44818	0.251553	8.45	0.25	-3.00027	0
8.44818	0.251553	0	0	8.45582	0.253997	8.45	0.25	0	0
8.44818	0.251553	0	0	8.23962	0.24916	8.25	0.25	-1.81978	0
8.44818	0.251553	0	0	7.84073	0.159858	7.85	0.15	-3.99972	-0.99993
8.44818	0.251553	0	0	7.54016	0.159641	7.55	0.15	-2.99982	0
8.44818	0.251553	0	0	7.3426	0.0345312	7.35	0.0500011	-1.81648	-0.90823
8.44818	0.251553	0	0	7.05406	-0.0533413	7.05	-0.0499992	-2.72849	-0.909499
8.44818	0.251553	0	0	6.84972	-0.258748	6.85	-0.25	-1.81896	-1.81897
8.44818	0.251553	0	0	6.64329	-0.462604	6.65	-0.449999	-2.00076	-2.00075
8.44818	0.251553	0	0	6.56029	-0.650892	6.55	-0.65	-0.99884	-1.99769
8.44818	0.251553	0	0	6.45805	-1.05268	6.45	-1.05	-0.908739	-3.63494
8.44818	0.251553	0	0	6.25499	-1.25007	6.25	-1.25	-1.81896	-1.81896
8.44818	0.251553	0	0	6.36328	-1.65656	6.35	-1.65	0.909727	-3.63891
8.44818	0.251553	0	0	6.24641	-1.95075	6.25	-1.95	-0.999489	-2.99847
8.44818	0.251553	0	0	6.34644	-2.23829	6.35	-2.25	0.999979	-2.99994
8.44818	0.251553	0	0	6.34927	-2.55175	6.35	-2.55	0	-2.72611
8.44818	0.251553	0	0	6.43257	-2.84245	6.45	-2.85	0.909503	-2.72851
8.44818	0.251553	0	0	6.44119	-3.14955	6.45	-3.15	0	-2.99754
8.44818	0.251553	0	0	6.5453	-3.45745	6.55	-3.45	0.910402	-2.7312
8.44818	0.251553	0	0	6.76011	-3.75457	6.75	-3.75	1.81721	-2.72581
8.44818	0.251553	0	0	6.85997	-4.05805	6.85	-4.05	0.907976	-2.72393
8.44818	0.251553	0	0	6.94332	-4.34473	6.95	-4.35	0.90933	-2.72799
8.44818	0.251553	0	0	7.04099	-4.55018	7.05	-4.55	0.910054	-1.8201
8.44818	0.251553	0	0	7.14735	-4.86125	7.15	-4.85	0.908297	-2.72489
8.44818	0.251553	0	0	7.30424	-5.15404	7.35	-5.15	1.81907	-2.72861
8.44818	0.251553	0	0	7.44737	-5.45308	7.45	-5.45	0.90819	-2.72457
8.44818	0.251553	0	0	7.64356	-5.66706	7.65	-5.65	1.81972	-1.81972
8.44818	0.251553	0	0	7.7342	-5.95374	7.75	-5.95	0.909826	-2.72948
8.44818	0.251553	0	0	7.95703	-6.24328	7.95	-6.25	1.99858	-2.99787
8.44818	0.251553	0	0	8.15891	-6.45335	8.15	-6.45	1.81737	-1.81737
8.44818	0.251553	0	0	8.25411	-6.74791	8.25	-6.75	0.909293	-2.72787
8.44818	0.251553	0	0	8.44494	-6.95805	8.45	-6.95	1.81993	-1.81993
8.44818	0.251553	0	0	8.54925	-7.24433	8.55	-7.25	1.00006	-3.00018
8.44818	0.251553	0	0	8.73559	-7.5421	8.75	-7.55	1.99808	-2.99712
8.44818	0.251553	0	0	8.84538	-7.75497	8.85	-7.75	0.909946	-1.81988
8.44818	0.251553	0	0	8.95966	-8.0381	8.95	-8.05	0.999095	-2.9973
8.44818	0.251553	0	0	9.05896	-8.24314	9.05	-8.25	0.909301	-1.81859
8.44818	0.251553	0	0	9.15332	-8.54857	9.15	-8.55	1.00038	-3.00117
8.44818	0.251553	0	0	9.24541	-8.76863	9.25	-8.75	0.9095	-1.81899
8.44818	0.251553	0	0	9.44703	-9.15328	9.45	-9.15	1.99964	-3.99928
8.44818	0.251553	0	0	9.54157	-9.35195	9.55	-9.35	0.999584	-1.99917
8.44818	0.251553	0	0	9.54779	-9.64959	9.55	-9.65	0	-3.0002
8.44818	0.251553	0	0	9.64606	-9.9341	9.65	-9.95	0.998995	-2.997
8.44818	0.251553	0	0	9.73801	-10.1396	9.75	-10.15	0.909847	-1.81969
8.44818	0.251553	0	0	9.75524	-10.4732	9.75	-10.45	0	-3.00063
8.44818	0.251553	0	0	9.85048	-10.7526	9.85	-10.75	0.908161	-2.72448
8.44818	0.251553	0	0	9.83614	-11.041	9.85	-11.05	0	-2.73073
8.44818	0.251553	0	0	9.84568	-11.3496	9.85	-11.35	0	-2.99961
8.44818	0.251553	0	0	9.83206	-11.6307	9.85	-11.65	0	-2.99843
8.44818	0.251553	0	0	9.74928	-11.8442	9.75	-11.85	-1.00029	-2.00059
8.44818	0.251553	0	0	9.65354	-12.1497	9.65	-12.15	-1.00039	-3.00116
8.44818	0.251553	0	0	9.54859	-12.3478	9.55	-12.35	-0.999884	-1.99979
8.44818	0.251553	0	0	9.36086	-12.5501	9.35	-12.55	-1.99804	-1.99804
8.44818	0.251553	0	0	9.22134	-12.7613	9.25	-12.75	-0.909773	-1.81954
8.44818	0.251553	0	0	8.84161	-12.9519	8.85	-12.95	-3.99253	-1.99627
8.44818	0.251553	0	0	8.66358	-13.0431	8.65	-13.05	-1.8213	-0.910651
8.44818	0.251553	0	0	8.35763	-13.1557	8.35	-13.15	-2.997	-0.998995
8.44818	0.251553	0	0	8.03583	-13.1513	8.05	-13.15	-2.72742	0
8.44818	0.251553	0	0	7.76538	-13.1647	7.75	-13.15	-2.72986	0
8.44818	0.251553	0	0	7.44786	-13.2517	7.45	-13.25	-2.9979	-0.999304
8.44818	0.251553	0	0	7.16011	-13.2382	7.15	-13.25	-2.72844	0
8.44818	0.251553	0	0	6.84891	-13.1493	6.85	-13.15	-2.99784	0.999284
8.44818	0.251553	0	0	6.55759	-13.0679	6.55	-13.05	-2.72787	0.909284
8.44818	0.251553	0	0	6.26174	-13.0534	6.25	-13.05	-2.72678	0
8.44818	0.251553	0	0	5.94198	-12.9494	5.95	-12.95	-2.72963	0.90988
8.44818	0.251553	0	0	5.65107	-12.7365	5.65	-12.75	-2.99778	1.99852
8.44818	0.251553	0	0	5.43839	-12.652	5.45	-12.65	-1.81799	0.908995
8.44818	0.251553	0	0	5.1307	-12.4684	5.15	-12.45	-2.72625	1.8175
8.44818	0.251553	0	0	4.92985	-12.2499	4.95	-12.25	-1.81991	1.8199
8.44818	0.251553	0	0	4.75915	-12.0666	4.75	-12.05	-1.99928	1.99928
8.44818	0.251553	0	0	4.64378	-11.7442	4.65	-11.75	-0.908231	2.7247
8.44818	0.251553	0	0	4.54975	-11.5706	4.55	-11.55	-0.909843	1.81969
8.44818	0.251553	0	0	4.44059	-11.1496	4.45	-11.15	-1.0008	4.00321
8.44818	0.251553	0	0	4.45136	-10.93	4.45	-10.95	0	1.81612
8.44818	0.251553	0	0	4.45788	-10.6457	4.45	-10.65	0	2.72554
8.44818	0.251553	0	0	4.44057	-10.3382	4.45	-10.35	0	2.72898
8.44818	0.251553	0	0	4.54925	-10.0439	4.55	-10.05	0.908954	2.72685
8.44818	0.251553	0	0	4.63755	-9.74952	4.65	-9.75	0.909752	2.72926
8.44818	0.251553	0	0	4.74589	-9.4609	4.75	-9.45	0.908586	2.72576
8.44818	0.251553	0	0	4.94849	-9.13867	4.95	-9.15	1.81967	2.72951
8.44818	0.251553	0	0	5.04121	-8.94979	5.05	-8.95	0.999874	1.99974
8.44818	0.251553	0	0	5.26887	-8.63564	5.25	-8.65	1.81803	2.72705
8.44818	0.251553	0	0	5.44864	-8.42738	5.45	-8.45	1.99954	1.99954
8.44818	0.251553	0	0	5.53862	-8.24357	5.55	-8.25	0.909045	1.81808
8.44818	0.251553	0	0	5.85094	-7.95601	5.85	-7.95	2.72606	2.72606
8.44818	0.251553	0	0	6.05986	-7.73559	6.05	-7.75	1.81802	1.81801
8.44818	0.251553	0	0	6.25659	-7.54336	6.25	-7.55	1.81798	1.81798
8.44818	0.251553	0	0	6.452	-7.36418	6.45	-7.35	1.82025	1.82025
8.44818	0.251553	0	0	6.7556	-7.14598	6.75	-7.15	2.99862	1.99908
8.44818	0.251553	0	0	6.86356	-6.94732	6.85	-6.95	0.908	1.81601
8.44818	0.251553	0	0	7.15695	-6.75136	7.15	-6.75	2.72854	1.81902
8.44818	0.251553	0	0	7.35505	-6.56058	7.35	-6.55	1.82018	1.82018
8.44818	0.251553	0	0	7.65664	-6.46417	7.65	-6.45	2.99964	0.999884
8.44818	0.251553	0	0	7.85193	-6.35845	7.85	-6.35	1.81709	0.908545
8.44818	0.251553	0	0	8.13749	-6.14586	8.15	-6.15	2.72928	1.81952
8.44818	0.251553	0	0	8.33626	-5.94674	8.35	-5.95	1.99977	1.99976
8.44818	0.251553	0	0	8.65894	-5.86309	8.65	-5.85	2.72796	0.909321
8.44818	0.251553	0	0	8.85444	-5.64273	8.85	-5.65	1.81774	1.81773
8.44818	0.251553	0	0	9.05088	-5.45385	9.05	-5.45	1.99654	1.99655
8.44818	0.251553	0	0	9.34223	-5.32623	9.35	-5.35	2.72727	0.90909
8.44818	0.251553	0	0	9.55303	-5.13194	9.55	-5.15	1.81813	1.81813
8.44818	0.251553	0	0	9.7586	-4.93134	9.75	-4.95	1.82036	1.82037
8.44818	0.251553	0	0	9.95641	-4.74358	9.95	-4.75	1.81575	1.81575
8.44818	0.251553	0	0	10.1428	-4.45119	10.15	-4.45	1.8204	2.7306
8.44818	0.251553	0	0	10.3644	-4.16342	10.35	-4.15	1.81768	2.7265
8.44818	0.251553	0	0	10.5415	-3.9454	10.55	-3.95	1.8179	1.8179
8.44818	0.251553	0	0	10.7616	-3.75002	10.75	-3.75	1.81902	1.81903
8.44818	0.251553	0	0	10.8527	-3.46164	10.85	-3.45	0.909764	2.72928
8.44818	0.251553	0	0	11.0447	-3.1561	11.05	-3.15	1.9995	2.99925
8.44818	0.251553	0	0	11.1427	-2.86566	11.15	-2.85	0.907708	2.72314
8.44818	0.251553	0	0	11.2525	-2.55311	11.25	-2.55	0.908929	2.72678
8.44818	0.251553	0	0	11.1594	-2.25598	11.15	-2.25	-0.909276	2.72782
8.44818	0.251553	0	0	11.3525	-1.95787	11.35	-1.95	1.81913	2.72869
8.44818	0.251553	0	0	11.3326	-1.67041	11.35	-1.65	0	2.73033
8.44818	0.251553	0	0	11.2595	-1.35818	11.25	-1.35	-0.999155	2.99745
8.44818	0.251553	0	0	11.1524	-1.15803	11.15	-1.15	-0.909822	1.81964
8.44818	0.251553	0	0	10.9584	-0.728742	10.95	-0.75	-1.99816	3.99632
8.44818	0.251553	0	0	10.8648	-0.553034	10.85	-0.549999	-0.908532	1.81708
8.44818	0.251553	0	0	10.6542	-0.347474	10.65	-0.35	-1.8174	1.81738
8.44818	0.251553	0	0	10.3438	-0.150982	10.35	-0.15	-2.72796	1.81864
8.44818	0.251553	0	0	10.1537	-0.0482457	10.15	-0.0499992	-1.81963	0.909818
8.44818	0.251553	0	0	9.85676	0.0351738	9.85	0.0500011	-2.73047	0.910161
8.44818	0.251553	0	0	9.54669	0.0374948	9.55	0.0500011	-2.72438	0
8.44818	0.251553	0	0	9.24446	0.153574	9.25	0.15	-2.7277	0.909222
8.44818	0.251553	0	0	8.94752	0.260272	8.95	0.25	-2.72653	0.908843
8.44818	0.251553	0	0	8.76016	0.263752	8.75	0.25	-1.81846	0
8.44818	0.251553	0	0	8.35367	0.252596	8.35	0.25	-3.6326	0
8.44818	0.251553	0	0	8.05411	0.247878	8.05	0.25	-2.72842	0
8.44818	0.251553	0	0	7.74339	0.144028	7.75	0.15	-2.72705	-0.909016
8.44818	0.251553	0	0	7.45362	0.0452052	7.45	0.0500011	-2.73169	-0.910554
8.44818	0.251553	0	0	7.16618	0.0287673	7.15	0.0500011	-2.9979	0
8.44818	0.251553	0	0	6.95426	-0.147757	6.95	-0.15	-1.8181	-1.81811
8.44818	0.251553	0	0	6.76395	-0.345347	6.75	-0.35	-1.81645	-1.81645
8.44818	0.251553	0	0	6.54569	-0.565853	6.55	-0.549999	-1.81899	-1.81898
8.44818	0.251553	0	0	6.4494	-0.940848	6.45	-0.949999	-0.909781	-3.63911
8.44818	0.251553	0	0	6.34405	-1.26138	6.35	-1.25	-1.0002	-3.00061
8.44818	0.251553	0	0	6.25356	-1.42931	6.25	-1.45	-1.00036	-2.00072
8.44818	0.251553	0	0	6.23547	-1.75335	6.25	-1.75	0	-2.99285
8.44818	0.251553	0	0	6.34873	-2.05372	6.35	-2.05	0.909735	-2.72921
8.44818	0.251553	0	0	6.36917	-2.33894	6.35	-2.35	0	-2.72779
8.44818	0.251553	0	0	6.34287	-2.73391	6.35	-2.75	0	-3.63689
8.44818	0.251553	0	0	6.43866	-3.06257	6.45	-3.05	0.908859	-2.72658
8.44818	0.251553	0	0	6.53579	-3.34211	6.55	-3.35	0.908855	-2.72655
8.44818	0.251553	0	0	6.64657	-3.63945	6.65	-3.65	0.908702	-2.72611
8.44818	0.251553	0	0	6.74885	-3.96368	6.75	-3.95	0.909561	-2.72869
8.44818	0.251553	0	0	6.85796	-4.25464	6.85	-4.25	0.908561	-2.72569
8.44818	0.251553	0	0	7.04679	-4.55716	7.05	-4.55	1.81822	-2.72732
8.44818	0.251553	0	0	7.13435	-4.85502	7.15	-4.85	0.910837	-2.73251
8.44818	0.251553	0	0	7.25317	-5.04605	7.25	-5.05	1.00033	-2.00066
8.44818	0.251553	0	0	7.43604	-5.34825	7.45	-5.35	1.9976	-2.9964
8.44818	0.251553	0	0	7.55662	-5.56714	7.55	-5.55	0.908244	-1.81648
8.44818	0.251553	0	0	7.76459	-5.8425	7.75	-5.85	1.81785	-2.72677
8.44818	0.251553	0	0	7.85921	-6.04502	7.85	-6.05	0.909073	-1.81815
8.44818	0.251553	0	0	8.05619	-6.36041	8.05	-6.35	1.81969	-2.72953
8.44818	0.251553	0	0	8.25446	-6.64851	8.25	-6.65	1.81869	-2.72804
8.44818	0.251553	0	0	8.31728	-6.8399	8.35	-6.85	0.908979	-1.81795
8.44818	0.251553	0	0	8.44183	-7.15372	8.45	-7.15	0.909102	-2.72732
8.44818	0.251553	0	0	8.65899	-7.4699	8.65	-7.45	1.81752	-2.72628
8.44818	0.251553	0	0	8.76769	-7.64094	8.75	-7.65	0.908607	-1.81721
8.44818	0.251553	0	0	8.95669	-7.95155	8.95	-7.95	1.82148	-2.73221
8.44818	0.251553	0	0	9.05476	-8.24211	9.05	-8.25	0.999015	-2.99704
8.44818	0.251553	0	0	9.14025	-8.44981	9.15	-8.45	0.908268	-1.81655
8.44818	0.251553	0	0	9.25031	-8.76071	9.25	-8.75	0.910112	-2.73033
8.44818	0.251553	0	0	9.34431	-9.04587	9.35	-9.05	0.909524	-2.72856
8.44818	0.251553	0	0	9.4452	-9.37195	9.45	-9.35	0.999075	-2.99724
8.44818	0.251553	0	0	9.55098	-9.64789	9.55	-9.65	0.909706	-2.7291
8.44818	0.251553	0	0	9.62408	-9.94149	9.65	-9.95	1.00046	-3.00141
8.44818	0.251553	0	0	9.7457	-10.1502	9.75	-10.15	0.998775	-1.99754
8.44818	0.251553	0	0	9.76557	-10.4501	9.75	-10.45	0	-2.72849
8.44818	0.251553	0	0	9.85066	-10.7537	9.85	-10.75	0.909012	-2.72703
8.44818	0.251553	0	0	9.85693	-11.0512	9.85	-11.05	0	-3.00316
8.44818	0.251553	0	0	9.84407	-11.3565	9.85	-11.35	0	-3.00012
8.44818	0.251553	0	0	9.83943	-11.6467	9.85	-11.65	0	-2.99592
8.44818	0.251553	0	0	9.74774	-11.8511	9.75	-11.85	-0.908731	-1.81746
8.44818	0.251553	0	0	9.64482	-12.1455	9.65	-12.15	-0.909582	-2.72873
8.44818	0.251553	0	0	9.55167	-12.4583	9.55	-12.45	-0.908879	-2.72665
8.44818	0.251553	0	0	9.359	-12.6499	9.35	-12.65	-1.82005	-1.82005
8.44818	0.251553	0	0	9.028	-12.8337	9.05	-12.85	-3.00048	-2.00033
8.44818	0.251553	0	0	8.84257	-12.9684	8.85	-12.95	-1.81542	-0.907708
8.44818	0.251553	0	0	8.55319	-13.1445	8.55	-13.15	-2.73135	-1.82089
8.44818	0.251553	0	0	8.25965	-13.1488	8.25	-13.15	-2.9968	0
8.44818	0.251553	0	0	7.95841	-13.2508	7.95	-13.25	-2.72705	-0.90902
8.44818	0.251553	0	0	7.62489	-13.249	7.65	-13.25	-2.7295	0
8.44818	0.251553	0	0	7.3419	-13.2474	7.35	-13.25	-2.99994	0
8.44818	0.251553	0	0	7.04935	-13.1606	7.05	-13.15	-2.72695	0.908987
8.44818	0.251553	0	0	6.65123	-13.1604	6.65	-13.15	-3.63709	0
8.44818	0.251553	0	0	6.35317	-13.0396	6.35	-13.05	-3.0006	1.00019
8.44818	0.251553	0	0	6.14459	-13.0471	6.15	-13.05	-1.81729	0
8.44818	0.251553	0	0	5.86379	-12.8408	5.85	-12.85	-2.72861	1.81907
8.44818	0.251553	0	0	5.55118	-12.7486	5.55	-12.75	-2.99985	0.999954
8.44818	0.251553	0	0	5.35556	-12.6423	5.35	-12.65	-1.99998	0.999994
8.44818	0.251553	0	0	5.13769	-12.4355	5.15	-12.45	-1.9973	1.9973
8.44818	0.251553	0	0	4.94432	-12.2438	4.95	-12.25	-1.82058	1.82058
8.44818	0.251553	0	0	4.75047	-11.9578	4.75	-11.95	-1.9998	2.9997
8.44818	0.251553	0	0	4.63967	-11.7513	4.65	-11.75	-1.00001	2.00002
8.44818	0.251553	0	0	4.56619	-11.4576	4.55	-11.45	-0.99896	2.99689
8.44818	0.251553	0	0	4.46017	-11.1425	4.45	-11.15	-1.00106	3.00319
8.44818	0.251553	0	0	4.43803	-10.9525	4.45	-10.95	0	1.81679
8.44818	0.251553	0	0	4.45507	-10.6618	4.45	-10.65	0	3.00138
8.44818	0.251553	0	0	4.45187	-10.4417	4.45	-10.45	0	2.00038
8.44818	0.251553	0	0	4.55349	-10.1343	4.55	-10.15	0.999574	2.99871
8.44818	0.251553	0	0	4.55922	-9.84124	4.55	-9.85	0	2.72714
8.44818	0.251553	0	0	4.7439	-9.53522	4.75	-9.55	1.81929	2.72894
8.44818	0.251553	0	0	4.8446	-9.24095	4.85	-9.25	1.00005	3.00015
8.44818	0.251553	0	0	5.02283	-9.03066	5.05	-9.05	2.00004	2.00004
8.44818	0.251553	0	0	5.14109	-8.73073	5.15	-8.75	0.999689	2.99907
8.44818	0.251553	0	0	5.36408	-8.56805	5.35	-8.55	1.81846	1.81846
8.44818	0.251553	0	0	5.53874	-8.25196	5.55	-8.25	2.00066	3.00099
8.44818	0.251553	0	0	5.7459	-8.05196	5.75	-8.05	1.9995	1.9995
8.44818	0.251553	0	0	5.84978	-7.88144	5.85	-7.85	0.999939	1.99988
8.44818	0.251553	0	0	6.04031	-7.64732	6.05	-7.65	1.99771	1.9977
8.44818	0.251553	0	0	6.23866	-7.45306	6.25	-7.45	1.8199	1.81991
8.44818	0.251553	0	0	6.55461	-7.24907	6.55	-7.25	2.99605	1.99736
8.44818	0.251553	0	0	6.74664	-7.15616	6.75	-7.15	1.8206	0.910298
8.44818	0.251553	0	0	6.95342	-6.96092	6.95	-6.95	1.99846	1.99846
8.44818	0.251553	0	0	7.24929	-6.7261	7.25	-6.75	2.72688	1.81792
8.44818	0.251553	0	0	7.46332	-6.54842	7.45	-6.55	1.81821	1.81821
8.44818	0.251553	0	0	7.65373	-6.46481	7.65	-6.45	1.81726	0.908632
8.44818	0.251553	0	0	7.94162	-6.34466	7.95	-6.35	2.72948	0.909826
8.44818	0.251553	0	0	8.12355	-6.14389	8.15	-6.15	2.00048	2.00048
8.44818	0.251553	0	0	8.45315	-5.97158	8.45	-5.95	2.727	1.818
8.44818	0.251553	0	0	8.64207	-5.83392	8.65	-5.85	2.00128	1.00064
8.44818	0.251553	0	0	8.94256	-5.64534	8.95	-5.65	2.99961	1.99974
8.44818	0.251553	0	0	9.15342	-5.45253	9.15	-5.45	1.997	1.99701
8.44818	0.251553	0	0	9.34852	-5.23619	9.35	-5.25	1.8166	1.81659
8.44818	0.251553	0	0	9.54207	-5.04728	9.55	-5.05	1.82219	1.82219
8.44818	0.251553	0	0	9.75	-4.94288	9.75	-4.95	1.99605	0.998028
8.44818	0.251553	0	0	9.94502	-4.76247	9.95	-4.75	1.81894	1.81894
8.44818	0.251553	0	0	10.1384	-4.4533	10.15	-4.45	1.81965	2.72948
8.44818	0.251553	0	0	10.3492	-4.25956	10.35	-4.25	1.81908	1.81907
8.44818	0.251553	0	0	10.5557	-3.96034	10.55	-3.95	2.0006	3.0009
8.44818	0.251553	0	0	10.7394	-3.74821	10.75	-3.75	1.99962	1.99962
8.44818	0.251553	0	0	10.8596	-3.4348	10.85	-3.45	0.999834	2.99949
8.44818	0.251553	0	0	11.0504	-3.25128	11.05	-3.25	2.00064	2.00064
8.44818	0.251553	0	0	11.1569	-2.944	11.15	-2.95	0.998526	2.9956
8.44818	0.251553	0	0	11.141	-2.65084	11.15	-2.65	0	2.73102
8.44818	0.251553	0	0	11.1497	-2.45904	11.15	-2.45	0	1.81785
8.44818	0.251553	0	0	11.3591	-2.05184	11.35	-2.05	1.99733	3.99465
8.44818	0.251553	0	0	11.3504	-1.8663	11.35	-1.85	0	1.81853
8.44818	0.251553	0	0	11.3568	-1.53205	11.35	-1.55	0	2.72762
8.44818	0.251553	0	0	11.2429	-1.24238	11.25	-1.25	-0.908846	2.72653
8.44818	0.251553	0	0	11.0544	-0.927069	11.05	-0.949999	-1.82013	2.73021
8.44818	0.251553	0	0	10.9434	-0.640459	10.95	-0.65	-1.00035	3.00104
8.44818	0.251553	0	0	10.7471	-0.362528	10.75	-0.35	-2.00002	3.00003
8.44818	0.251553	0	0	10.547	-0.266677	10.55	-0.25	-1.81778	0.908893
8.44818	0.251553	0	0	10.2485	-0.0475524	10.25	-0.0499992	-3.0006	2.00041
8.44818	0.251553	0	0	10.0313	-0.0518611	10.05	-0.0499992	-1.99644	0
8.44818	0.251553	0	0	9.74695	0.0464954	9.75	0.0500011	-2.73174	0.910584
8.44818	0.251553	0	0	9.45825	0.149456	9.45	0.15	-2.99545	0.998471
8.44818	0.251553	0	0	9.24456	0.139817	9.25	0.15	-1.81962	0
8.44818	0.251553	0	0	8.96281	0.250937	8.95	0.25	-3.0006	1.0002
8.44818	0.251553	0	0	8.65606	0.24536	8.65	0.25	-2.99994	0
8.44818	0.251553	0	0	8.34184	0.250769	8.35	0.25	-2.9932	0
8.44818	0.251553	0	0	8.03847	0.260731	8.05	0.25	-2.73234	0
8.44818	0.251553	0	0	7.73327	0.149199	7.75	0.15	-3.00231	-1.00077
8.44818	0.251553	0	0	7.45455	0.149294	7.45	0.15	-2.99596	0
8.44818	0.251553	0	0	7.26713	0.055036	7.25	0.0500011	-1.81801	-0.908998
8.44818	0.251553	0	0	6.93127	-0.133333	6.95	-0.15	-2.72492	-1.81662
8.44818	0.251553	0	0	6.84796	-0.34284	6.85	-0.35	-0.910622	-1.82124
8.44818	0.251553	0	0	6.54772	-0.536719	6.55	-0.549999	-2.99637	-1.99757
8.44818	0.251553	0	0	6.45451	-0.851695	6.45	-0.85	-0.909955	-2.72986
8.44818	0.251553	0	0	6.3554	-1.1624	6.35	-1.15	-0.99921	-2.99763
8.44818	0.251553	0	0	6.2299	-1.45381	6.25	-1.45	-0.908718	-2.72616
8.44818	0.251553	0	0	6.34473	-1.75136	6.35	-1.75	0.910481	-2.73144
8.44818	0.251553	0	0	6.35828	-2.03886	6.35	-2.05	0	-2.99515
8.44818	0.251553	0	0	6.34057	-2.34076	6.35	-2.35	0	-2.72854
8.44818	0.251553	0	0	6.45265	-2.65056	6.45	-2.65	0.908223	-2.72467
8.44818	0.251553	0	0	6.45762	-2.94003	6.45	-2.95	0	-2.7273
8.44818	0.251553	0	0	6.54349	-3.33906	6.55	-3.35	0.90907	-3.63626
8.44818	0.251553	0	0	6.65608	-3.67065	6.65	-3.65	0.910033	-2.7301
8.44818	0.251553	0	0	6.74422	-3.95901	6.75	-3.95	0.908091	-2.72428
8.44818	0.251553	0	0	6.83817	-4.25449	6.85	-4.25	0.910945	-2.73284
8.44818	0.251553	0	0	6.94879	-4.45387	6.95	-4.45	0.999829	-1.99966
8.44818	0.251553	0	0	7.14339	-4.76622	7.15	-4.75	1.99653	-2.99479
8.44818	0.251553	0	0	7.25883	-4.94719	7.25	-4.95	1.00097	-2.00194
8.44818	0.251553	0	0	7.33925	-5.24908	7.35	-5.25	0.909677	-2.72904
8.44818	0.251553	0	0	7.5499	-5.55354	7.55	-5.55	1.99976	-2.99964
8.44818	0.251553	0	0	7.64483	-5.73357	7.65	-5.75	1.00037	-2.00074
8.44818	0.251553	0	0	7.84396	-6.051	7.85	-6.05	1.81659	-2.7249
8.44818	0.251553	0	0	7.95018	-6.25957	7.95	-6.25	0.909247	-1.81849
8.44818	0.251553	0	0	8.15891	-6.45832	8.15	-6.45	1.81577	-1.81577
8.44818	0.251553	0	0	8.33273	-6.74641	8.35	-6.75	1.8218	-2.73269
8.44818	0.251553	0	0	8.44383	-7.03914	8.45	-7.05	0.907988	-2.72398
8.44818	0.251553	0	0	8.55761	-7.36836	8.55	-7.35	0.910046	-2.73012
8.44818	0.251553	0	0	8.7565	-7.55536	8.75	-7.55	1.99828	-1.99828
8.44818	0.251553	0	0	8.85031	-7.85391	8.85	-7.85	0.909053	-2.72715
8.44818	0.251553	0	0	8.95085	-8.16397	8.95	-8.15	0.908953	-2.72687
8.44818	0.251553	0	0	9.15149	-8.34807	9.15	-8.35	1.82025	-1.82026
8.44818	0.251553	0	0	9.22902	-8.65053	9.25	-8.65	0.999874	-2.9996
8.44818	0.251553	0	0	9.36398	-8.95164	9.35	-8.95	0.999284	-2.99784
8.44818	0.251553	0	0	9.43696	-9.1575	9.45	-9.15	0.90921	-1.81843
8.44818	0.251553	0	0	9.53884	-9.45193	9.55	-9.45	0.908475	-2.72542
8.44818	0.251553	0	0	9.67284	-9.75791	9.65	-9.75	0.909739	-2.72923
8.44818	0.251553	0	0	9.74713	-10.0467	9.75	-10.05	0.998616	-2.99584
8.44818	0.251553	0	0	9.74697	-10.3629	9.75	-10.35	0	-2.72854
8.44818	0.251553	0	0	9.86261	-10.6462	9.85	-10.65	0.909773	-2.7293
8.44818	0.251553	0	0	9.8455	-10.9408	9.85	-10.95	0	-2.72844
8.44818	0.251553	0	0	9.83549	-11.2481	9.85	-11.25	0	-2.72745
8.44818	0.251553	0	0	9.87136	-11.5692	9.85	-11.55	0	-2.99671
8.44818	0.251553	0	0	9.74749	-11.8623	9.75	-11.85	-0.909218	-2.72765
8.44818	0.251553	0	0	9.65408	-12.1513	9.65	-12.15	-0.908706	-2.7261
8.44818	0.251553	0	0	9.54006	-12.3354	9.55	-12.35	-0.90964	-1.8193
8.44818	0.251553	0	0	9.35049	-12.5377	9.35	-12.55	-1.81823	-1.81823
8.44818	0.251553	0	0	9.04708	-12.7528	9.05	-12.75	-2.72576	-1.81717
8.44818	0.251553	0	0	8.84904	-12.9423	8.85	-12.95	-1.81921	-1.81921
8.44818	0.251553	0	0	8.5479	-13.1496	8.55	-13.15	-2.7278	-1.81853
8.44818	0.251553	0	0	8.26001	-13.1483	8.25	-13.15	-2.72641	0
8.44818	0.251553	0	0	7.95138	-13.1593	7.95	-13.15	-3.00084	0
8.44818	0.251553	0	0	7.64076	-13.2654	7.65	-13.25	-2.72554	-0.908516
8.44818	0.251553	0	0	7.35762	-13.1417	7.35	-13.15	-2.72544	0.908483
8.44818	0.251553	0	0	7.05296	-13.1563	7.05	-13.15	-2.73035	0
8.44818	0.251553	0	0	6.672	-13.1364	6.65	-13.15	-3.63617	0
8.44818	0.251553	0	0	6.46904	-13.1587	6.45	-13.15	-1.81657	0
8.44818	0.251553	0	0	6.15723	-13.0319	6.15	-13.05	-2.73109	0.91036
8.44818	0.251553	0	0	5.85711	-12.8423	5.85	-12.85	-2.72331	1.81554
8.44818	0.251553	0	0	5.5559	-12.7556	5.55	-12.75	-2.72839	0.909466
8.44818	0.251553	0	0	5.23681	-12.5467	5.25	-12.55	-2.731	1.82066
8.44818	0.251553	0	0	5.04959	-12.3548	5.05	-12.35	-1.8182	1.8182
8.44818	0.251553	0	0	4.86969	-12.1416	4.85	-12.15	-1.99954	1.99955
8.44818	0.251553	0	0	4.77326	-11.9345	4.75	-11.95	-0.999959	1.99992
8.44818	0.251553	0	0	4.54148	-11.6336	4.55	-11.65	-2.0002	3.0003
8.44818	0.251553	0	0	4.55238	-11.4548	4.55	-11.45	0	1.99746
8.44818	0.251553	0	0	4.45629	-11.0538	4.45	-11.05	-0.909152	3.63659
8.44818	0.251553	0	0	4.45899	-10.8664	4.45	-10.85	0	1.81808
8.44818	0.251553	0	0	4.44058	-10.5544	4.45	-10.55	0	2.72864
8.44818	0.251553	0	0	4.44086	-10.2469	4.45	-10.25	0	2.72391
8.44818	0.251553	0	0	4.54793	-9.94716	4.55	-9.95	0.909615	2.72884
8.44818	0.251553	0	0	4.64364	-9.63888	4.65	-9.65	0.909107	2.72732
8.44818	0.251553	0	0	4.82761	-9.37054	4.85	-9.35	1.81921	2.7288
8.44818	0.251553	0	0	4.94177	-9.04086	4.95	-9.05	0.908743	2.72623
8.44818	0.251553	0	0	5.1385	-8.8446	5.15	-8.85	1.81688	1.81688
8.44818	0.251553	0	0	5.33853	-8.54729	5.35	-8.55	1.82008	2.73013
8.44818	0.251553	0	0	5.46213	-8.36055	5.45	-8.35	0.910249	1.8205
8.44818	0.251553	0	0	5.63863	-8.05978	5.65	-8.05	1.99657	2.99485
8.44818	0.251553	0	0	5.84353	-7.85177	5.85	-7.85	1.81871	1.81871
8.44818	0.251553	0	0	6.14453	-7.66253	6.15	-7.65	2.72961	1.81974
8.44818	0.251553	0	0	6.3386	-7.44193	6.35	-7.45	1.99918	1.99918
8.44818	0.251553	0	0	6.54947	-7.257	6.55	-7.25	1.81909	1.81909
8.44818	0.251553	0	0	6.7522	-7.03215	6.75	-7.05	1.99996	1.99996
8.44818	0.251553	0	0	6.95051	-6.93564	6.95	-6.95	1.99752	0.998765
8.44818	0.251553	0	0	7.25571	-6.75585	7.25	-6.75	2.73035	1.82023
8.44818	0.251553	0	0	7.42947	-6.54884	7.45	-6.55	2.00058	2.00058
8.44818	0.251553	0	0	7.65263	-6.44325	7.65	-6.45	1.99838	0.999195
8.44818	0.251553	0	0	7.95705	-6.33998	7.95	-6.35	2.99949	0.999829
8.44818	0.251553	0	0	8.15184	-6.14215	8.15	-6.15	1.81603	1.81603
8.44818	0.251553	0	0	8.34844	-5.95288	8.35	-5.95	1.81921	1.81921
8.44818	0.251553	0	0	8.64546	-5.83668	8.65	-5.85	2.72898	0.909661
8.44818	0.251553	0	0	8.95179	-5.66017	8.95	-5.65	2.72772	1.81848
8.44818	0.251553	0	0	9.15234	-5.45358	9.15	-5.45	1.9994	1.9994
8.44818	0.251553	0	0	9.3462	-5.33648	9.35	-5.35	1.81776	0.908875
8.44818	0.251553	0	0	9.55586	-5.07162	9.55	-5.05	1.81542	2.72314
8.44818	0.251553	0	0	9.75218	-4.8384	9.75	-4.85	1.82146	1.82146
8.44818	0.251553	0	0	9.9571	-4.66087	9.95	-4.65	1.8196	1.8196
8.44818	0.251553	0	0	10.1558	-4.43582	10.15	-4.45	1.99826	1.99826
8.44818	0.251553	0	0	10.3312	-4.16698	10.35	-4.15	1.81692	2.72536
8.44818	0.251553	0	0	10.5551	-3.94162	10.55	-3.95	1.8195	1.81951
8.44818	0.251553	0	0	10.746	-3.7455	10.75	-3.75	1.81816	1.81817
8.44818	0.251553	0	0	10.9457	-3.45027	10.95	-3.45	1.8162	2.7243
8.44818	0.251553	0	0	11.0435	-3.16012	11.05	-3.15	0.908632	2.72588
8.44818	0.251553	0	0	11.1542	-2.85724	11.15	-2.85	0.909888	2.72968
8.44818	0.251553	0	0	11.1324	-2.55807	11.15	-2.55	0	2.72844
8.44818	0.251553	0	0	11.1569	-2.2658	11.15	-2.25	0	2.72732
8.44818	0.251553	0	0	11.3482	-1.94557	11.35	-1.95	1.81905	2.72856
8.44818	0.251553	0	0	11.2389	-1.64141	11.25	-1.65	-0.909152	2.72745
8.44818	0.251553	0	0	11.2625	-1.34833	11.25	-1.35	0	2.72321
8.44818	0.251553	0	0	11.1556	-1.0549	11.15	-1.05	-0.909524	2.72856
8.44818	0.251553	0	0	10.9445	-0.73319	10.95	-0.75	-1.81942	2.72913
8.44818	0.251553	0	0	10.8388	-0.441032	10.85	-0.449999	-0.909822	2.72949
8.44818	0.251553	0	0	10.5529	-0.247121	10.55	-0.25	-2.99539	1.99691
8.44818	0.251553	0	0	10.3505	-0.143257	10.35	-0.15	-1.81716	0.908579
8.44818	0.251553	0	0	10.0541	-0.0441275	10.05	-0.0499992	-2.73194	0.910655
8.44818	0.251553	0	0	9.75876	0.0560308	9.75	0.0500011	-2.72477	0.90826
8.44818	0.251553	0	0	9.56967	0.149506	9.55	0.15	-1.81757	0.908775
8.44818	0.251553	0	0	9.25348	0.150166	9.25	0.15	-2.72658	0
8.44818	0.251553	0	0	8.93575	0.243169	8.95	0.25	-2.72926	0.909752
8.44818	0.251553	0	0	8.64483	0.254352	8.65	0.25	-2.7278	0
8.44818	0.251553	0	0	8.35775	0.250149	8.35	0.25	-2.72395	0
8.44818	0.251553	0	0	8.03004	0.154113	8.05	0.15	-2.73279	-0.910929
8.44818	0.251553	0	0	7.63715	0.143302	7.65	0.15	-3.99916	0
8.44818	0.251553	0	0	7.43926	0.160393	7.45	0.15	-1.99866	0
8.44818	0.251553	0	0	7.16771	0.0463372	7.15	0.0500011	-2.72623	-0.908734
8.44818	0.251553	0	0	6.95035	-0.144849	6.95	-0.15	-1.81888	-1.81889
8.44818	0.251553	0	0	6.76317	-0.34818	6.75	-0.35	-1.81792	-1.81792
8.44818	0.251553	0	0	6.56412	-0.553924	6.55	-0.549999	-1.81879	-1.81878
8.44818	0.251553	0	0	6.36344	-0.942514	6.35	-0.949999	-1.81969	-3.63937
8.44818	0.251553	0	0	6.36321	-1.25111	6.35	-1.25	0	-2.99519
8.44818	0.251553	0	0	6.35537	-1.55723	6.35	-1.55	0	-2.72817
8.44818	0.251553	0	0	6.35448	-1.83673	6.35	-1.85	0	-2.72628
8.44818	0.251553	0	0	6.35078	-2.13767	6.35	-2.15	0	-2.73152
8.44818	0.251553	0	0	6.33355	-2.43768	6.35	-2.45	0	-2.99503
8.44818	0.251553	0	0	6.45623	-2.7536	6.45	-2.75	0.91	-2.73
8.44818	0.251553	0	0	6.54629	-3.01951	6.55	-3.05	0.907584	-2.72274
8.44818	0.251553	0	0	6.54763	-3.45513	6.55	-3.45	0	-3.63613
8.44818	0.251553	0	0	6.64571	-3.73674	6.65	-3.75	0.909661	-2.72898
8.44818	0.251553	0	0	6.85201	-3.93663	6.85	-3.95	1.81793	-1.81793
8.44818	0.251553	0	0	6.9548	-4.32855	6.95	-4.35	0.909975	-3.6399
8.44818	0.251553	0	0	7.05586	-4.55105	7.05	-4.55	0.907881	-1.81576
8.44818	0.251553	0	0	7.13261	-4.82718	7.15	-4.85	0.909777	-2.72933
8.44818	0.251553	0	0	7.34301	-5.14642	7.35	-5.15	1.81859	-2.72789
8.44818	0.251553	0	0	7.46174	-5.44979	7.45	-5.45	0.999999	-3
8.44818	0.251553	0	0	7.65989	-5.6552	7.65	-5.65	1.81747	-1.81747
8.44818	0.251553	0	0	7.75276	-5.95823	7.75	-5.95	0.909594	-2.72878
8.44818	0.251553	0	0	7.95034	-6.15505	7.95	-6.15	1.81962	-1.81962
8.44818	0.251553	0	0	8.14855	-6.44643	8.15	-6.45	1.99732	-2.99598
8.44818	0.251553	0	0	8.25279	-6.64996	8.25	-6.65	0.909111	-1.81822
8.44818	0.251553	0	0	8.35448	-6.94719	8.35	-6.95	0.908442	-2.72531
8.44818	0.251553	0	0	8.54666	-7.24803	8.55	-7.25	1.81924	-2.72886
8.44818	0.251553	0	0	8.74711	-7.43338	8.75	-7.45	1.8208	-1.8208
8.44818	0.251553	0	0	8.84984	-7.75349	8.85	-7.75	0.997629	-2.99288
8.44818	0.251553	0	0	8.94604	-8.07116	8.95	-8.05	0.909127	-2.7274
8.44818	0.251553	0	0	9.01893	-8.23506	9.05	-8.25	0.909516	-1.81902
8.44818	0.251553	0	0	9.1628	-8.53304	9.15	-8.55	0.909913	-2.72976
8.44818	0.251553	0	0	9.3508	-8.85468	9.35	-8.85	1.81688	-2.72532
8.44818	0.251553	0	0	9.45338	-9.162	9.45	-9.15	0.910228	-2.73069
8.44818	0.251553	0	0	9.56994	-9.45148	9.55	-9.45	0.997908	-2.99372
8.44818	0.251553	0	0	9.64603	-9.66938	9.65	-9.65	0.909954	-1.81992
8.44818	0.251553	0	0	9.64842	-9.95866	9.65	-9.95	0	-2.73053
8.44818	0.251553	0	0	9.7516	-10.2483	9.75	-10.25	0.998187	-2.99455
8.44818	0.251553	0	0	9.8633	-10.5382	9.85	-10.55	0.909797	-2.72938
8.44818	0.251553	0	0	9.84674	-10.8547	9.85	-10.85	0	-2.72715
8.44818	0.251553	0	0	9.86442	-11.1448	9.85	-11.15	0	-2.72395
8.44818	0.251553	0	0	9.85036	-11.4464	9.85	-11.45	0	-2.73075
8.44818	0.251553	0	0	9.83174	-11.7336	9.85	-11.75	0	-2.72396
8.44818	0.251553	0	0	9.75331	-12.0506	9.75	-12.05	-1.0005	-3.0015
8.44818	0.251553	0	0	9.55524	-12.2329	9.55	-12.25	-1.81797	-1.81797
8.44818	0.251553	0	0	9.34172	-12.5587	9.35	-12.55	-1.82041	-2.73063
8.44818	0.251553	0	0	9.16462	-12.7506	9.15	-12.75	-1.99891	-1.9989
8.44818	0.251553	0	0	8.95936	-12.9426	8.95	-12.95	-1.81838	-1.81838
8.44818	0.251553	0	0	8.65422	-13.0444	8.65	-13.05	-2.72941	-0.909806
8.44818	0.251553	0	0	8.3436	-13.2381	8.35	-13.25	-2.99984	-1.9999
8.44818	0.251553	0	0	8.15674	-13.1486	8.15	-13.15	-1.99797	0.998985
8.44818	0.251553	0	0	7.85314	-13.2533	7.85	-13.25	-2.73	-0.910004
8.44818	0.251553	0	0	7.45422	-13.2433	7.45	-13.25	-3.62953	0
8.44818	0.251553	0	0	7.13166	-13.2372	7.15	-13.25	-2.73007	0
8.44818	0.251553	0	0	6.84852	-13.2404	6.85	-13.25	-2.727	0
8.44818	0.251553	0	0	6.55626	-13.1584	6.55	-13.15	-2.72742	0.909144
8.44818	0.251553	0	0	6.25112	-13.0473	6.25	-13.05	-2.727	0.908995
8.44818	0.251553	0	0	5.95513	-12.9613	5.95	-12.95	-2.72998	0.909996
8.44818	0.251553	0	0	5.6635	-12.8347	5.65	-12.85	-2.99275	0.99758
8.44818	0.251553	0	0	5.45219	-12.6228	5.45	-12.65	-1.81994	1.81994
8.44818	0.251553	0	0	5.25069	-12.4448	5.25	-12.45	-1.81721	1.81721
8.44818	0.251553	0	0	4.9499	-12.2734	4.95	-12.25	-2.72881	1.81921
8.44818	0.251553	0	0	4.84027	-12.0359	4.85	-12.05	-0.908462	1.81692
8.44818	0.251553	0	0	4.63814	-11.758	4.65	-11.75	-1.81788	2.72683
8.44818	0.251553	0	0	4.5399	-11.541	4.55	-11.55	-0.909959	1.81992
8.44818	0.251553	0	0	4.45518	-11.1556	4.45	-11.15	-0.909218	3.63686
8.44818	0.251553	0	0	4.36691	-10.9529	4.35	-10.95	-0.909222	1.81844
8.44818	0.251553	0	0	4.42489	-10.6572	4.45	-10.65	0.909396	2.72819
8.44818	0.251553	0	0	4.44692	-10.3512	4.45	-10.35	0	3.00113
8.44818	0.251553	0	0	4.5556	-10.0446	4.55	-10.05	0.999524	2.99856
8.44818	0.251553	0	0	4.65841	-9.75093	4.65	-9.75	0.998262	2.99479
8.44818	0.251553	0	0	4.74425	-9.53907	4.75	-9.55	0.910928	1.82186
8.44818	0.251553	0	0	4.87523	-9.25457	4.85	-9.25	0.908033	2.7241
8.44818	0.251553	0	0	5.04624	-8.96378	5.05	-8.95	1.81852	2.72777
8.44818	0.251553	0	0	5.26299	-8.64398	5.25	-8.65	1.8165	2.72475
8.44818	0.251553	0	0	5.43218	-8.43885	5.45	-8.45	1.82157	1.82157
8.44818	0.251553	0	0	5.54143	-8.23537	5.55	-8.25	0.908054	1.8161
8.44818	0.251553	0	0	5.85207	-8.0316	5.85	-8.05	2.72849	1.81899
8.44818	0.251553	0	0	6.04955	-7.75139	6.05	-7.75	1.81852	2.72777
8.44818	0.251553	0	0	6.2473	-7.56333	6.25	-7.55	1.81739	1.81739
8.44818	0.251553	0	0	6.44526	-7.36223	6.45	-7.35	1.81638	1.81638
8.44818	0.251553	0	0	6.74856	-7.14204	6.75	-7.15	2.72856	1.81904
8.44818	0.251553	0	0	6.97717	-6.96144	6.95	-6.95	1.82065	1.82065
8.44818	0.251553	0	0	7.2552	-6.74652	7.25	-6.75	2.99976	1.99984
8.44818	0.251553	0	0	7.33491	-6.53948	7.35	-6.55	0.999369	1.99874
8.44818	0.251553	0	0	7.64389	-6.55777	7.65	-6.55	2.72745	0
8.44818	0.251553	0	0	7.84566	-6.34021	7.85	-6.35	1.81623	1.81624
8.44818	0.251553	0	0	8.14601	-6.23101	8.15	-6.25	2.72645	0.908817
8.44818	0.251553	0	0	8.35502	-5.95811	8.35	-5.95	1.81897	2.72844
8.44818	0.251553	0	0	8.64201	-5.86567	8.65	-5.85	2.72645	0.908817
8.44818	0.251553	0	0	8.85198	-5.65134	8.85	-5.65	1.81789	1.81788
8.44818	0.251553	0	0	9.13482	-5.45989	9.15	-5.45	2.73106	1.82072
8.44818	0.251553	0	0	9.33045	-5.26019	9.35	-5.25	1.81794	1.81793
8.44818	0.251553	0	0	9.63754	-5.04328	9.65	-5.05	2.72903	1.81935
8.44818	0.251553	0	0	9.74856	-4.84745	9.75	-4.85	0.998656	1.99731
8.44818	0.251553	0	0	9.93394	-4.66432	9.95	-4.65	1.81717	1.81717
8.44818	0.251553	0	0	10.1444	-4.44253	10.15	-4.45	1.82041	1.82042
8.44818	0.251553	0	0	10.4496	-4.24828	10.45	-4.25	2.7267	1.8178
8.44818	0.251553	0	0	10.5542	-3.95161	10.55	-3.95	0.908764	2.72628
8.44818	0.251553	0	0	10.7602	-3.65417	10.75	-3.65	1.81939	2.72908
8.44818	0.251553	0	0	10.9375	-3.46792	10.95	-3.45	1.81838	1.81838
8.44818	0.251553	0	0	11.0672	-3.14607	11.05	-3.15	0.908549	2.72564
8.44818	0.251553	0	0	11.1428	-2.8481	11.15	-2.85	0.908863	2.72661
8.44818	0.251553	0	0	11.2495	-2.5409	11.25	-2.55	0.909988	2.72995
8.44818	0.251553	0	0	11.1705	-2.24061	11.15	-2.25	-0.907683	2.72304
8.44818	0.251553	0	0	11.3536	-1.97104	11.35	-1.95	1.82188	2.73281
8.44818	0.251553	0	0	11.3661	-1.64386	11.35	-1.65	0	2.71993
8.44818	0.251553	0	0	11.3391	-1.34511	11.35	-1.35	0	2.73446
8.44818	0.251553	0	0	11.1532	-1.04324	11.15	-1.05	-1.99967	2.99949
8.44818	0.251553	0	0	11.0654	-0.742685	11.05	-0.75	-1.00006	3.00021
8.44818	0.251553	0	0	10.8418	-0.549005	10.85	-0.549999	-1.81772	1.81773
8.44818	0.251553	0	0	10.6642	-0.353413	10.65	-0.35	-1.8184	1.81839
8.44818	0.251553	0	0	10.3487	-0.171899	10.35	-0.15	-3.00032	2.00022
8.44818	0.251553	0	0	10.137	-0.0462889	10.15	-0.0499992	-2.00053	1.00027
8.44818	0.251553	0	0	9.92833	0.0556031	9.95	0.0500011	-2.00006	1.00003
8.44818	0.251553	0	0	9.65029	0.0372757	9.65	0.0500011	-3.00024	0
8.44818	0.251553	0	0	9.33515	0.138463	9.35	0.15	-2.99825	0.999409
8.44818	0.251553	0	0	9.13787	0.161547	9.15	0.15	-1.81913	0
8.44818	0.251553	0	0	8.82128	0.250523	8.85	0.25	-2.99927	0.99976
8.44818	0.251553	0	0	8.54916	0.247046	8.55	0.25	-2.99871	0
8.44818	0.251553	0	0	8.2302	0.258614	8.25	0.25	-2.72871	0
8.44818	0.251553	0	0	7.94777	0.127954	7.95	0.15	-2.9991	-0.9997
8.44818	0.251553	0	0	7.63383	0.15164	7.65	0.15	-3.00099	0
8.44818	0.251553	0	0	7.35046	0.0656199	7.35	0.0500011	-2.72695	-0.908974
8.44818	0.251553	0	0	7.14965	-0.0559868	7.15	-0.0499992	-2.0003	-1.00015
8.44818	0.251553	0	0	6.85872	-0.227918	6.85	-0.25	-2.72532	-1.81688
8.44818	0.251553	0	0	6.74687	-0.441006	6.75	-0.449999	-1.00054	-2.00107
8.44818	0.251553	0	0	6.54837	-0.624094	6.55	-0.65	-2.00016	-2.00017
8.44818	0.251553	0	0	6.44859	-0.960126	6.45	-0.949999	-0.999884	-2.99963
8.44818	0.251553	0	0	6.35596	-1.24356	6.35	-1.25	-0.999969	-2.99992
8.44818	0.251553	0	0	6.35503	-1.55184	6.35	-1.55	0	-3.00129
8.44818	0.251553	0	0	6.34356	-1.7483	6.35	-1.75	0	-1.81769
8.44818	0.251553	0	0	6.34095	-2.12276	6.35	-2.15	0	-3.99972
8.44818	0.251553	0	0	6.34785	-2.35274	6.35	-2.35	0	-1.99998
8.44818	0.251553	0	0	6.36265	-2.64414	6.35	-2.65	0	-3
8.44818	0.251553	0	0	6.461	-2.95066	6.45	-2.95	1.00003	-3.00009
8.44818	0.251553	0	0	6.55345	-3.36165	6.55	-3.35	0.999284	-3.99712
8.44818	0.251553	0	0	6.63536	-3.55462	6.65	-3.55	0.909917	-1.81984
8.44818	0.251553	0	0	6.75151	-3.84595	6.75	-3.85	0.99934	-2.99802
8.44818	0.251553	0	0	6.85764	-4.15466	6.85	-4.15	0.908537	-2.72561
8.44818	0.251553	0	0	6.94846	-4.34203	6.95	-4.35	0.909876	-1.81975
8.44818	0.251553	0	0	7.03506	-4.6461	7.05	-4.65	1.00008	-3.00024
8.44818	0.251553	0	0	7.26242	-4.9318	7.25	-4.95	1.99984	-2.99976
8.44818	0.251553	0	0	7.3521	-5.15533	7.35	-5.15	1.00028	-2.00056
8.44818	0.251553	0	0	7.44098	-5.44336	7.45	-5.45	1.00004	-3.00012
8.44818	0.251553	0	0	7.66561	-5.647	7.65	-5.65	1.9996	-1.9996
8.44818	0.251553	0	0	7.75724	-5.96146	7.75	-5.95	1.00028	-3.00084
8.44818	0.251553	0	0	7.95005	-6.14609	7.95	-6.15	1.9998	-1.9998
8.44818	0.251553	0	0	8.04346	-6.35767	8.05	-6.35	1.00004	-2.00008
8.44818	0.251553	0	0	8.25742	-6.66007	8.25	-6.65	1.9995	-2.99925
8.44818	0.251553	0	0	8.33159	-6.8699	8.35	-6.85	0.90921	-1.81841
8.44818	0.251553	0	0	8.45779	-7.15285	8.45	-7.15	1.00011	-3.00036
8.44818	0.251553	0	0	8.647	-7.3454	8.65	-7.35	1.99908	-1.99908
8.44818	0.251553	0	0	8.76121	-7.66039	8.75	-7.65	1.00057	-3.00171
8.44818	0.251553	0	0	8.84363	-7.83628	8.85	-7.85	0.999844	-1.99968
8.44818	0.251553	0	0	9.05238	-8.15838	9.05	-8.15	2.00014	-3.00021
8.44818	0.251553	0	0	9.15492	-8.35136	9.15	-8.35	0.998886	-1.99779
8.44818	0.251553	0	0	9.2543	-8.64461	9.25	-8.65	0.908855	-2.72655
8.44818	0.251553	0	0	9.35164	-8.95148	9.35	-8.95	0.909466	-2.72839
8.44818	0.251553	0	0	9.44272	-9.24111	9.45	-9.25	0.999774	-2.99934
8.44818	0.251553	0	0	9.5752	-9.43724	9.55	-9.45	0.908954	-1.8179
8.44818	0.251553	0	0	9.62903	-9.75552	9.65	-9.75	0.909971	-2.72993
8.44818	0.251553	0	0	9.74482	-10.046	9.75	-10.05	0.907972	-2.72391
8.44818	0.251553	0	0	9.75264	-10.3488	9.75	-10.35	0	-2.73105
8.44818	0.251553	0	0	9.83234	-10.6514	9.85	-10.65	0.999994	-2.99996
8.44818	0.251553	0	0	9.85033	-10.9603	9.85	-10.95	0	-3.00048
8.44818	0.251553	0	0	9.86057	-11.1502	9.85	-11.15	0	-1.99559
8.44818	0.251553	0	0	9.83839	-11.4483	9.85	-11.45	0	-2.73182
8.44818	0.251553	0	0	9.75592	-11.7487	9.75	-11.75	-0.998566	-2.99569
8.44818	0.251553	0	0	9.75861	-12.0491	9.75	-12.05	0	-2.73085
8.44818	0.251553	0	0	9.56514	-12.3446	9.55	-12.35	-1.81597	-2.72396
8.44818	0.251553	0	0	9.34752	-12.5408	9.35	-12.55	-1.82131	-1.82131
8.44818	0.251553	0	0	9.24151	-12.7411	9.25	-12.75	-0.908029	-1.81605
8.44818	0.251553	0	0	8.83995	-12.9425	8.85	-12.95	-3.64007	-1.82003
8.44818	0.251553	0	0	8.6395	-13.0341	8.65	-13.05	-1.9959	-0.997948
8.44818	0.251553	0	0	8.34268	-13.1451	8.35	-13.15	-2.73146	-0.910485
8.44818	0.251553	0	0	8.06107	-13.2364	8.05	-13.25	-2.72383	-0.907947
8.44818	0.251553	0	0	7.75593	-13.2425	7.75	-13.25	-2.72673	0
8.44818	0.251553	0	0	7.44992	-13.2329	7.45	-13.25	-2.72991	0
8.44818	0.251553	0	0	7.05468	-13.1604	7.05	-13.15	-3.63887	0.909723
8.44818	0.251553	0	0	6.73255	-13.1364	6.75	-13.15	-2.72312	0
8.44818	0.251553	0	0	6.42749	-13.1436	6.45	-13.15	-3.00472	0
8.44818	0.251553	0	0	6.2503	-13.0552	6.25	-13.05	-1.99758	0.998786
8.44818	0.251553	0	0	5.95166	-12.9396	5.95	-12.95	-2.72732	0.909111
8.44818	0.251553	0	0	5.64785	-12.8416	5.65	-12.85	-2.72896	0.909648
8.44818	0.251553	0	0	5.43842	-12.6552	5.45	-12.65	-1.81809	1.81809
8.44818	0.251553	0	0	5.12059	-12.4527	5.15	-12.45	-2.72358	1.81572
8.44818	0.251553	0	0	4.95241	-12.2277	4.95	-12.25	-1.81967	1.81967
8.44818	0.251553	0	0	4.75144	-11.9561	4.75	-11.95	-1.81844	2.72767
8.44818	0.251553	0	0	4.67603	-11.7496	4.65	-11.75	-0.909553	1.81911
8.44818	0.251553	0	0	4.5432	-11.4431	4.55	-11.45	-0.907778	2.72334
8.44818	0.251553	0	0	4.44374	-11.0696	4.45	-11.05	-0.910253	3.64099
8.44818	0.251553	0	0	4.4464	-10.8663	4.45	-10.85	0	1.81805
8.44818	0.251553	0	0	4.43858	-10.6346	4.45	-10.65	0	1.81614
8.44818	0.251553	0	0	4.44616	-10.2449	4.45	-10.25	0	3.6396
8.44818	0.251553	0	0	4.55225	-9.94382	4.55	-9.95	0.910013	2.73003
8.44818	0.251553	0	0	4.64586	-9.65356	4.65	-9.65	0.99908	2.99724
8.44818	0.251553	0	0	4.7442	-9.45683	4.75	-9.45	0.910091	1.82018
8.44818	0.251553	0	0	4.94202	-9.15915	4.95	-9.15	1.99826	2.99739
8.44818	0.251553	0	0	5.06039	-8.84271	5.05	-8.85	0.908384	2.72514
8.44818	0.251553	0	0	5.26598	-8.6555	5.25	-8.65	1.81679	1.8168
8.44818	0.251553	0	0	5.43516	-8.36367	5.45	-8.35	1.82015	2.73022
8.44818	0.251553	0	0	5.65225	-8.1686	5.65	-8.15	1.8185	1.8185
8.44818	0.251553	0	0	5.81186	-7.95139	5.85	-7.95	1.81752	1.81752
8.44818	0.251553	0	0	6.04627	-7.74932	6.05	-7.75	1.81941	1.8194
8.44818	0.251553	0	0	6.26179	-7.43797	6.25	-7.45	1.8174	2.72611
8.44818	0.251553	0	0	6.55234	-7.24441	6.55	-7.25	2.72477	1.81651
8.44818	0.251553	0	0	6.74556	-7.15305	6.75	-7.15	1.81957	0.909785
8.44818	0.251553	0	0	7.06886	-6.94012	7.05	-6.95	2.72946	1.81964
8.44818	0.251553	0	0	7.25262	-6.73852	7.25	-6.75	1.81554	1.81554
8.44818	0.251553	0	0	7.45762	-6.53827	7.45	-6.55	1.82005	1.82005
8.44818	0.251553	0	0	7.74315	-6.44913	7.75	-6.45	2.72628	0.908764
8.44818	0.251553	0	0	7.9584	-6.34152	7.95	-6.35	1.81656	0.908281
8.44818	0.251553	0	0	8.24773	-6.1485	8.25	-6.15	2.73005	1.82003
8.44818	0.251553	0	0	8.55156	-5.93992	8.55	-5.95	2.7269	1.81794
8.44818	0.251553	0	0	8.7543	-5.75242	8.75	-5.75	1.81843	1.81843
8.44818	0.251553	0	0	9.06113	-5.54128	9.05	-5.55	2.72465	1.81643
8.44818	0.251553	0	0	9.24452	-5.3352	9.25	-5.35	1.81916	1.81916
8.44818	0.251553	0	0	9.43645	-5.25801	9.45	-5.25	1.81894	0.90947
8.44818	0.251553	0	0	9.64908	-4.9531	9.65	-4.95	1.81987	2.72981
8.44818	0.251553	0	0	9.86682	-4.74721	9.85	-4.75	1.81736	1.81735
8.44818	0.251553	0	0	10.0706	-4.54316	10.05	-4.55	1.81805	1.81805
8.44818	0.251553	0	0	10.3431	-4.35107	10.35	-4.35	2.72606	1.81737
8.44818	0.251553	0	0	10.4578	-4.07071	10.45	-4.05	0.908953	2.72687
8.44818	0.251553	0	0	10.6424	-3.84126	10.65	-3.85	1.81902	1.81903
8.44818	0.251553	0	0	10.8572	-3.53957	10.85	-3.55	1.81931	2.72896
8.44818	0.251553	0	0	10.9372	-3.24816	10.95	-3.25	0.999754	2.99928
8.44818	0.251553	0	0	11.135	-3.05697	11.15	-3.05	1.81763	1.81764
8.44818	0.251553	0	0	11.2571	-2.74346	11.25	-2.75	0.909648	2.72893
8.44818	0.251553	0	0	11.1393	-2.45312	11.15	-2.45	-0.998725	2.99616
8.44818	0.251553	0	0	11.239	-2.16508	11.25	-2.15	0.908805	2.7264
8.44818	0.251553	0	0	11.3424	-1.85113	11.35	-1.85	0.909847	2.72953
